Channel: 0
625
1250
1875
2500
3125
3750
4375
5000
5625
6250
6875
7500
8125
8750
9375
10000
10625
11250
11875
12500
13125
13750
14375
15000
15625
16250
16875
17500
18125
18750
19375
20000
20625
21250
21875
22500
23125
23750
24375
25000
25625
26250
26875
27500
28125
28750
29375
30000
30625
31250
31875
32500
33125
33750
34375
35000
35625
36250
36875
37500
38125
38750
39375
40000
40625
41250
41875
42500
43125
43750
44375
45000
45625
46250
46875
47500
48125
48750
49375
50000
50625
51250
51875
52500
53125
53750
54375
55000
55625
56250
56875
57500
58125
58750
59375
60000
60625
61250
61875
62500
63125
63750
64375
65000
65625
66250
66875
67500
68125
68750
69375
70000
70625
71250
71875
72500
73125
73750
74375
75000
75625
76250
76875
77500
78125
78750
79375
80000
80625
81250
81875
82500
83125
83750
84375
85000
85625
86250
86875
87500
88125
88750
89375
90000
90625
91250
91875
92500
93125
93750
94375
95000
95625
96250
96875
97500
98125
98750
99375
100000
100625
101250
101875
102500
103125
103750
104375
105000
105625
106250
106875
107500
108125
108750
109375
110000
110625
111250
111875
112500
113125
113750
114375
115000
115625
116250
116875
117500
118125
118750
119375
120000
120625
121250
121875
122500
123125
123750
124375
125000
125625
126250
126875
127500
128125
128750
129375
130000
130625
131250
131875
132500
133125
133750
134375
135000
135625
136250
136875
137500
138125
138750
139375
140000
140625
141250
141875
142500
143125
143750
144375
145000
145625
146250
146875
147500
148125
148750
149375
150000
150625
151250
151875
152500
153125
153750
154375
155000
155625
156250
156875
157500
158125
158750
159375
160000
