Channel: 0
3129
1487
1461
1622
1642
1736
1732
1723
1877
1918
2064
1946
2009
2095
2170
2271
2282
2186
1889
1797
1522
1256
1028
938
727
596
498
417
344
322
252
254
200
184
153
145
135
98
94
80
68
53
52
46
33
30
39
36
47
38
46
54
48
62
74
91
98
118
104
127
148
141
154
170
181
206
224
224
238
256
265
307
260
264
265
278
264
250
277
283
255
263
236
212
237
198
240
228
203
194
187
204
175
164
195
146
163
177
176
152
175
147
147
138
134
123
104
120
133
103
76
100
89
89
84
83
80
72
62
59
64
72
70
56
49
48
46
49
52
62
47
47
48
49
38
43
45
40
45
44
40
41
45
48
40
51
55
38
38
33
38
23
29
47
44
67
103
132
201
169
230
222
237
238
291
318
380
417
520
490
591
571
657
650
607
511
495
556
582
724
725
834
760
823
836
789
682
593
498
570
391
286
182
124
104
75
61
63
37
34
46
36
34
34
32
20
16
7
9
14
12
9
9
19
29
35
39
36
45
68
45
68
75
94
115
116
151
211
268
344
744
2063
2085
2649
2180
2665
2120
2235
1922
1882
1989
2417
3952
2633
3306
3207
2701
2361
1515
1713
1554
4278
7044
5990
5802
6586
