Channel: 0
0
0
0
0
0
0
0
0
0
0
0
0
0
0
0
0
0
0
0
0
0
0
0
0
0
0
0
0
0
0
0
0
0
0
0
0
0
0
0
0
0
0
0
0
0
0
0
0
0
0
0
0
0
0
0
0
0
0
0
0
0
0
0
0
0
0
0
0
0
0
0
0
0
0
0
0
0
0
0
0
0
0
0
0
0
0
0
0
0
0
0
0
0
0
0
0
0
0
0
0
0
0
0
0
0
0
0
0
0
0
0
0
0
0
0
0
0
2
0
1
7
14
22
34
88
190
315
663
1200
1227
1198
1187
1270
1344
1375
1319
1369
1386
1479
1567
1537
1604
1626
1613
1757
1877
1971
1881
1857
1787
1779
1716
1562
1494
1368
1249
1196
1169
1133
1110
924
889
835
773
671
581
501
486
448
454
435
410
420
391
367
355
373
299
296
268
253
251
198
192
168
163
165
154
131
135
119
127
91
76
87
97
93
111
87
102
88
90
95
82
61
83
229
429
481
538
450
1296
953
868
1307
1091
1186
1458
1271
1579
1403
1381
1339
1422
1992
1769
2141
1902
1991
1691
1680
2008
1599
1751
1373
1473
1534
1668
2047
3520
2069
2316
3171
3041
2400
1351
1267
1408
1374
1719
2573
5509
3482
5909
5540
6033
