4.79237 -0.0270003 -0.188085 -0.202274 -0.158767 -0.0287367 -0.220168 -0.229112 -0.22987 -0.225155 -0.186499 -0.228957 -0.231408 -0.231569 -0.229464 -0.200498 -0.229584 -0.231482 -0.231532 -0.229107 -0.153164 -0.223835 -0.228848 -0.2286 -0.218659 
4.78655 -0.0428227 -0.182253 -0.187469 -0.0509069 -0.0411216 -0.238495 -0.250992 -0.250558 -0.227986 -0.181845 -0.252154 -0.256789 -0.256287 -0.24373 -0.187231 -0.252451 -0.256638 -0.255821 -0.240532 -0.0362159 -0.232289 -0.244891 -0.24027 -0.176801 
4.72821 0.0836354 -0.0805168 -0.0405393 0.514636 -0.196879 -0.268738 -0.270146 -0.270085 -0.267273 -0.247315 -0.270322 -0.27076 -0.270734 -0.269762 -0.247731 -0.270328 -0.270752 -0.270714 -0.269629 -0.201201 -0.268428 -0.269899 -0.269668 -0.265063 
4.77241 0.143636 -0.125447 -0.146789 0.0537145 -0.050772 -0.247735 -0.258988 -0.259385 -0.245865 -0.203257 -0.260387 -0.263697 -0.263778 -0.259293 -0.211625 -0.261008 -0.263897 -0.263928 -0.259677 -0.109898 -0.251008 -0.259706 -0.259539 -0.244078 
4.78763 0.0220762 -0.177357 -0.199089 -0.137454 0.000266207 -0.226532 -0.238913 -0.239995 -0.23317 -0.180952 -0.238903 -0.242331 -0.242551 -0.239584 -0.198203 -0.239714 -0.242435 -0.242511 -0.239094 -0.119297 -0.230818 -0.238529 -0.238293 -0.22425 
4.77385 0.150381 -0.124053 -0.148385 0.0389187 -0.0661902 -0.245161 -0.256307 -0.256715 -0.243092 -0.208053 -0.257707 -0.260963 -0.26102 -0.256296 -0.216421 -0.258311 -0.261154 -0.261152 -0.256518 -0.12476 -0.248327 -0.256891 -0.256556 -0.239121 
4.78761 0.019243 -0.177512 -0.199076 -0.136958 0.000279953 -0.227138 -0.239277 -0.240345 -0.233467 -0.179484 -0.239327 -0.2427 -0.242919 -0.239947 -0.195933 -0.240106 -0.242799 -0.242878 -0.239475 -0.114205 -0.231262 -0.238896 -0.238672 -0.22476 
4.78719 -0.0304944 -0.178616 -0.184515 -0.0412314 -0.0602635 -0.23648 -0.250485 -0.250127 -0.225841 -0.191871 -0.251467 -0.256731 -0.256205 -0.242321 -0.197922 -0.251708 -0.256447 -0.255521 -0.238227 -0.0584762 -0.229018 -0.242881 -0.237215 -0.163125 
4.77242 -0.0144282 -0.124136 -0.0995459 0.238475 -0.20598 -0.242723 -0.244082 -0.244013 -0.2412 -0.234944 -0.244195 -0.24463 -0.244597 -0.243515 -0.234883 -0.244153 -0.2446 -0.244554 -0.243297 -0.205022 -0.241823 -0.243544 -0.243284 -0.23775 
4.77984 -0.0131753 -0.139621 -0.130548 0.163994 -0.188767 -0.233434 -0.237174 -0.235064 -0.20552 -0.231962 -0.240936 -0.241584 -0.240986 -0.232853 -0.23508 -0.241651 -0.242068 -0.241702 -0.236344 -0.223328 -0.240349 -0.24136 -0.240678 -0.229656 
4.76561 0.190397 -0.0620746 -0.0800871 0.131087 -0.219182 -0.251546 -0.25278 -0.25263 -0.249077 -0.24216 -0.253014 -0.253396 -0.253333 -0.25202 -0.24202 -0.253016 -0.253385 -0.25331 -0.251892 -0.210582 -0.251029 -0.252453 -0.252103 -0.246007 
4.78667 0.0688299 -0.152218 -0.170611 -0.0508792 -0.0985781 -0.231106 -0.23888 -0.239196 -0.230498 -0.204706 -0.239659 -0.241817 -0.241857 -0.238852 -0.212406 -0.240179 -0.241962 -0.241956 -0.239064 -0.158853 -0.234504 -0.23957 -0.239318 -0.228832 
