3.50758e+07 1.43548e+06 311074 212025 515714 1.42336e+06 87122.8 24695.6 19403 52314.7 322141 25776.1 8664.63 7543.49 22238.7 224425 21400.3 8147.22 7797.79 24729.8 554830 61528.4 26538.5 28265.2 97657.1 
1.65864e+07 716728 258550 241410 690162 722318 73733.8 32667.1 34094.4 108268 259891 28850.3 13619.3 15267.1 56532.6 242192 27873.7 14113.2 16797.7 67040.2 738438 94128.2 52716.9 67901.3 276466 
1.88717e+07 1.33894e+06 719280 870191 2.96592e+06 280026 8765.4 3447.49 3679.48 14293.5 89633.1 2784.54 1133.05 1230.81 4899.35 88063.1 2760.49 1159.81 1306.18 5401.38 263711 9936.3 4382.96 5252.43 22638.5 
3.66786e+07 2.98056e+06 1.02161e+06 866235 2.32592e+06 1.56525e+06 131332 49407.9 46517.6 144943 455136 39224.4 15126.9 14535.1 47186.1 394221 34702.1 13671.2 13445.3 44393.7 1.13481e+06 107503 44180.9 45394.4 157959 
1.1551e+08 6.11037e+06 1.53212e+06 1.03324e+06 2.44814e+06 5.6097e+06 403243 119026 94182.9 250866 1.44958e+06 119237 40555.5 35494.1 103618 1.05357e+06 100630 38159 36423.5 114855 2.86497e+06 304853 127837 133260 455620 
9.07636e+07 7.45e+06 2.50477e+06 2.06632e+06 5.44148e+06 3.54745e+06 322453 121593 114239 359723 991121 96379.2 37701.4 36678.3 121796 840331 85489.3 34256.8 34289.7 117798 2.49203e+06 265389 111074 117114 431276 
3.25246e+07 1.70443e+06 432704 293329 694824 1.58186e+06 111952 33490.7 26588.1 71045.7 419959 33167.9 11367.1 9953.04 29157.1 313641 28135.1 10726 10218.6 32211.4 841891 85295.4 35951 37403.1 127323 
5.65524e+07 2.58729e+06 928114 862037 2.46702e+06 2.25383e+06 279949 123068 127085 399123 779633 112072 53110.6 58992.8 214523 711853 109376 56288.2 66662.2 260375 2.27385e+06 363537 208241 271715 1.10163e+06 
1.22346e+08 5.62078e+06 2.94562e+06 3.54523e+06 1.17877e+07 949877 53916.6 20795 22475.4 91067.6 243607 18041 7430.09 8236.36 34618.8 245092 19069.9 8165.16 9273.88 39934.5 973239 75881.7 33918.1 40257.5 175203 
3.43979e+07 1.57191e+06 705920 768059 2.78529e+06 369330 63423.9 37810.2 52261.2 254596 73505 12044.2 7601.19 11699.4 67403.7 52147.9 7145.71 4288.4 6797.52 43488.4 132636 16063.8 9139.78 13809.7 89296.3 
1.71855e+07 1.52051e+06 656077 594404 1.31744e+06 118159 7348.16 3124.34 3636.74 15800.9 39484 2320.99 1014.06 1228.9 5725.72 39964.7 2314.75 1053.19 1308.1 6163.08 147606 9118.12 4244 5442.33 26314.2 
4.71785e+07 2.92538e+06 851961 679436 1.80251e+06 1.3551e+06 111991 39076.3 36112.4 117694 359627 31769.6 11519.4 11151 39335.5 287399 26891.8 10165.8 10222.5 37346.2 789723 80121.1 32601.5 34960.5 133324 
