Channel: 0
2474
1410
1429
1574
1626
1710
1718
1678
1847
1942
1971
1940
2123
2188
2371
2344
2446
2289
2182
2067
1832
1751
1595
1504
1383
1236
1110
1148
974
808
667
647
616
601
525
497
471
425
452
391
387
373
289
309
252
213
195
194
188
180
145
119
128
115
108
130
115
104
120
103
109
100
186
403
671
646
669
1156
1606
1462
1231
1450
2250
1357
2079
1409
2126
2043
2742
2226
2423
2073
2563
2096
2160
1960
1860
2051
2442
4087
2588
3285
3298
2729
2450
1597
1820
1647
4402
7064
5984
5769
5316
405
92
78
29
23
20
10
10
7
3
3
3
1
0
1
0
0
0
1
0
0
0
0
0
0
0
0
0
0
0
0
0
0
0
0
0
0
0
0
0
0
0
0
0
0
0
0
0
0
0
0
0
0
0
0
0
0
0
0
0
0
0
0
0
0
0
0
0
0
0
0
0
0
0
0
0
0
0
0
0
0
0
0
0
0
0
0
0
0
0
0
0
0
0
0
0
0
0
0
0
0
0
0
0
0
0
0
0
0
0
0
0
0
0
0
0
0
0
0
0
0
0
0
0
0
0
0
0
0
0
0
0
0
0
0
0
0
0
0
0
0
0
0
0
0
0
0
0
0
0
0
0
0
