Channel: 0
0
0
0
2474
0
0
1410
0
1429
0
1574
0
0
1626
0
0
1710
0
0
1718
0
1678
0
0
1847
0
0
1942
0
0
1971
0
0
1940
0
0
0
2123
0
0
2188
0
0
0
2371
0
0
0
2344
0
0
0
2446
0
0
2289
0
0
0
2182
0
0
2067
0
0
1832
0
0
1751
0
1595
0
0
1504
0
1383
0
1236
0
1110
0
1148
974
808
0
667
647
1217
525
497
471
877
778
373
850
602
632
596
536
589
671
646
669
0
1156
0
0
1606
0
1462
0
1231
0
1450
0
0
0
2250
0
1357
0
0
2079
0
0
1409
0
0
2126
0
0
2043
0
0
0
0
2742
0
0
2226
0
0
0
2423
0
0
2073
0
0
0
2563
0
0
0
2096
0
0
2160
0
0
1960
0
0
1860
0
0
0
2051
0
0
2442
0
0
0
0
0
0
4087
0
0
0
2588
0
0
0
0
3285
0
0
0
0
0
3298
0
0
0
2729
0
0
0
2450
0
1597
0
0
1820
0
0
1647
0
0
0
0
0
0
4402
0
0
0
0
0
0
0
0
0
0
7064
0
0
0
0
0
0
0
0
0
5984
0
0
0
0
0
0
0
0
5769
0
0
0
0
0
0
0
5316
686
0
