Channel: 0
358
315
663
0
1200
1227
0
1198
0
1187
0
1270
0
1344
0
0
1375
0
1319
0
1369
0
1386
0
0
1479
0
1567
0
1537
0
0
1604
0
0
1626
0
1613
0
0
1757
0
0
1877
0
0
1971
0
0
1881
0
0
1857
0
0
1787
0
0
1779
0
1716
0
0
1562
0
1494
0
0
1368
0
1249
1196
0
1169
0
1133
0
1110
924
0
889
835
773
671
581
501
486
902
435
830
391
722
672
817
449
688
666
642
601
658
481
538
450
0
1296
953
0
868
0
1307
0
1091
1186
0
0
1458
0
1271
0
1579
0
0
1403
0
1381
0
1339
0
1422
0
0
1992
0
0
1769
0
0
0
2141
0
0
1902
0
0
1991
0
1691
0
0
1680
0
0
2008
0
0
1599
0
0
1751
0
1373
0
1473
0
0
1534
0
1668
0
0
0
2047
0
0
0
0
3520
0
0
2069
0
0
0
2316
0
0
0
0
3171
0
0
0
0
3041
0
0
0
2400
0
1351
0
1267
0
1408
0
1374
0
0
1719
0
0
0
2573
0
0
0
0
0
0
0
0
5509
0
0
0
0
0
3482
0
0
0
0
0
0
0
0
5909
0
0
0
0
0
0
0
0
5540
0
0
0
0
0
0
0
0
6033
0
