Channel: 0
0
0
0
0
3129
0
0
1487
0
1461
0
0
1622
0
1642
0
0
1736
0
0
1732
0
0
1723
0
0
1877
0
0
1918
0
0
2064
0
0
1946
0
0
2009
0
0
0
2095
0
0
2170
0
0
0
2271
0
0
2282
0
0
0
2186
0
0
1889
0
0
1797
0
1522
0
1256
0
1028
938
727
596
498
761
574
638
705
652
612
613
611
462
828
524
543
791
538
711
675
625
566
668
505
741
659
597
627
634
654
502
689
529
698
417
520
490
1162
0
657
650
1118
495
556
582
724
725
0
834
760
823
836
0
789
682
593
1068
391
895
620
513
630
344
744
0
0
2063
0
0
0
2085
0
0
0
2649
0
0
2180
0
0
0
0
2665
0
0
2120
0
0
0
2235
0
0
1922
0
0
1882
0
0
1989
0
0
0
2417
0
0
0
0
0
3952
0
0
0
2633
0
0
0
0
3306
0
0
0
0
3207
0
0
0
0
2701
0
0
0
2361
0
1515
0
0
1713
0
1554
0
0
0
0
0
0
4278
0
0
0
0
0
0
0
0
0
0
7044
0
0
0
0
0
0
0
0
0
5990
0
0
0
0
0
0
0
0
5802
0
0
0
0
0
0
0
0
0
6586
0
