Channel: 0
0.0154625
0.024275
0.0332062
0.0430437
0.0532062
0.0638937
0.0746312
0.0851188
0.0966625
0.1088
0.121119
0.133244
0.146512
0.160188
0.175006
0.189656
0.204944
0.21925
0.232887
0.245806
0.257256
0.2682
0.278169
0.287569
0.296212
0.303938
0.310875
0.31805
0.324138
0.329188
0.333356
0.3374
0.34125
0.345006
0.348288
0.351394
0.354338
0.356994
0.359819
0.362262
0.364681
0.367013
0.368819
0.37075
0.372325
0.373656
0.374875
0.376088
0.377263
0.378387
0.379294
0.380037
0.380837
0.381556
0.382231
0.383044
0.383763
0.384412
0.385163
0.385806
0.386487
0.387113
0.388275
0.390794
0.394987
0.399025
0.403206
0.410431
0.420469
0.429606
0.4373
0.446362
0.460425
0.468906
0.4819
0.490706
0.503994
0.516763
0.5339
0.547813
0.562956
0.575913
0.591931
0.605031
0.618531
0.630781
0.642406
0.655225
0.670488
0.696031
0.712206
0.732738
0.75335
0.770406
0.785719
0.7957
0.807075
0.817369
0.844881
0.889031
0.926431
0.962488
0.995713
0.998244
0.998819
0.999306
0.999487
0.999631
0.999756
0.999819
0.999881
0.999925
0.999944
0.999962
0.999981
0.999988
0.999988
0.999994
0.999994
0.999994
0.999994
1
1
1
1
1
1
1
1
1
1
1
1
1
1
1
1
1
1
1
1
1
1
1
1
1
1
1
1
1
1
1
1
1
1
1
1
1
1
1
1
1
1
1
1
1
1
1
1
1
1
1
1
1
1
1
1
1
1
1
1
1
1
1
1
1
1
1
1
1
1
1
1
1
1
1
1
1
1
1
1
1
1
1
1
1
1
1
1
1
1
1
1
1
1
1
1
1
1
1
1
1
1
1
1
1
1
1
1
1
1
1
1
1
1
1
1
1
1
1
1
1
1
1
1
1
1
1
1
1
1
1
1
1
1
1
