Channel: 0
0.0195563
0.02885
0.0379813
0.0481188
0.0583813
0.0692312
0.0800562
0.090825
0.102556
0.114544
0.127444
0.139606
0.152163
0.165256
0.178819
0.193013
0.207275
0.220938
0.232744
0.243975
0.253487
0.261338
0.267763
0.273625
0.278169
0.281894
0.285006
0.287612
0.289762
0.291775
0.29335
0.294938
0.296187
0.297337
0.298294
0.2992
0.300044
0.300656
0.301244
0.301744
0.302169
0.3025
0.302825
0.303113
0.303319
0.303506
0.30375
0.303975
0.304269
0.304506
0.304794
0.305131
0.305431
0.305819
0.306281
0.30685
0.307463
0.3082
0.30885
0.309644
0.310569
0.31145
0.312412
0.313475
0.314606
0.315894
0.317294
0.318694
0.320181
0.321781
0.323437
0.325356
0.326981
0.328631
0.330288
0.332025
0.333675
0.335238
0.336969
0.338738
0.340331
0.341975
0.34345
0.344775
0.346256
0.347494
0.348994
0.350419
0.351687
0.3529
0.354069
0.355344
0.356438
0.357463
0.358681
0.359594
0.360613
0.361719
0.362819
0.363769
0.364862
0.365781
0.3667
0.367563
0.3684
0.369169
0.369819
0.370569
0.3714
0.372044
0.372519
0.373144
0.3737
0.374256
0.374781
0.3753
0.3758
0.37625
0.376638
0.377006
0.377406
0.377856
0.378294
0.378644
0.37895
0.37925
0.379538
0.379844
0.380169
0.380556
0.38085
0.381144
0.381444
0.38175
0.381987
0.382256
0.382537
0.382788
0.383069
0.383344
0.383594
0.38385
0.384131
0.384431
0.384681
0.385
0.385344
0.385581
0.385819
0.386025
0.386263
0.386406
0.386587
0.386881
0.387156
0.387575
0.388219
0.389044
0.3903
0.391356
0.392794
0.394181
0.395662
0.39715
0.398969
0.400956
0.403331
0.405938
0.409187
0.41225
0.415944
0.419513
0.423619
0.427681
0.431475
0.434669
0.437762
0.441238
0.444875
0.4494
0.453931
0.459144
0.463894
0.469037
0.474262
0.479194
0.483456
0.487162
0.490275
0.493837
0.496281
0.498069
0.499206
0.499981
0.500631
0.5011
0.501481
0.501875
0.502106
0.502319
0.502606
0.502831
0.503044
0.503256
0.503456
0.503581
0.503681
0.503725
0.503781
0.503869
0.503944
0.504
0.504056
0.504175
0.504356
0.504575
0.504819
0.505044
0.505325
0.50575
0.506031
0.506456
0.506925
0.507513
0.508231
0.508956
0.5099
0.511219
0.512894
0.515044
0.519694
0.532587
0.545619
0.562175
0.5758
0.592456
0.605706
0.619675
0.631687
0.64345
0.655881
0.670987
0.695688
0.712144
0.732806
0.75285
0.769731
0.784488
0.793956
0.804662
0.814375
0.841113
0.885138
0.922575
0.958838
1
