Channel: 0
0
0
0
0
0
0
0
0
0
0
0
0
0
0
0
0
0
0
0
0
0
0
0
0
0
0
0
0
0
0
0
0
0
0
0
0
0
0
0
0
0
0
0
0
0
0
0
0
0
0
0
0
0
0
0
0
0
0
0
0
0
0
0
0
0
0
0
0
0
0
0
0
0
0
0
0
0
0
0
0
0
0
0
0
0
0
0
0
0
0
0
0
0
0
0
0
0
0
0
0
0
0
0
0
0
0
0
0
0
0
0
0
0
0
0
0
0
1.25e-05
1.25e-05
1.875e-05
6.25e-05
0.00015
0.0002875
0.0005
0.00105
0.0022375
0.00420625
0.00835
0.01585
0.0235188
0.0310062
0.038425
0.0463625
0.0547625
0.0633563
0.0716
0.0801562
0.0888188
0.0980625
0.107856
0.117462
0.127488
0.13765
0.147731
0.158713
0.170444
0.182762
0.194519
0.206125
0.217294
0.228412
0.239138
0.2489
0.258238
0.266788
0.274594
0.282069
0.289375
0.296456
0.303394
0.309169
0.314725
0.319944
0.324775
0.328969
0.3326
0.335731
0.338769
0.341569
0.344406
0.347125
0.349687
0.352312
0.354756
0.35705
0.359269
0.3616
0.363469
0.365319
0.366994
0.368575
0.370144
0.371381
0.372581
0.373631
0.37465
0.375681
0.376644
0.377462
0.378306
0.37905
0.379844
0.380412
0.380887
0.381431
0.382037
0.382619
0.383313
0.383856
0.384494
0.385044
0.385606
0.3862
0.386713
0.387094
0.387613
0.389044
0.391725
0.394731
0.398094
0.400906
0.409006
0.414963
0.420388
0.428556
0.435375
0.442788
0.4519
0.459844
0.469712
0.478481
0.487113
0.495481
0.504369
0.516819
0.527875
0.541256
0.553144
0.565588
0.576156
0.586656
0.599206
0.6092
0.620144
0.628725
0.637931
0.647519
0.657944
0.670737
0.692738
0.705669
0.720144
0.739962
0.758969
0.773969
0.782412
0.790331
0.799131
0.807719
0.818462
0.834544
0.868975
0.890737
0.927669
0.962294
1
